.Random.seed <-
c(10403L, 10L, -1583985395L, -1044435932L, -369714166L, -1129995915L, 
89495759L, 928349142L, -751897728L, -357996605L, -914206367L, 
-436889648L, 399941422L, -817995047L, 1497686251L, 1526894938L, 
1165835036L, 1189465631L, 1526560373L, 1686061836L, -662544670L, 
-2140720195L, -1505434569L, -1812699426L, -1285508584L, 488029563L, 
-1572211431L, 1902311848L, 967945558L, 304295377L, -1425595005L, 
-652207086L, 507762596L, 1943367527L, 489819325L, 1995172916L, 
-1483432038L, 906099685L, 1642854271L, 1944520454L, -217739120L, 
-373954253L, 1870233297L, -1949422464L, -440058530L, 515642025L, 
-6759077L, 223797098L, 1930843660L, 586309199L, -345754875L, 
1076618172L, 956651154L, -698796659L, 174097863L, 151910062L, 
587898632L, 1126907147L, 50609129L, 1807629496L, 1742322534L, 
-2119421951L, -484319597L, 1827422530L, -866013452L, -206169353L, 
620210925L, -1094212220L, 229444522L, -300904171L, -2000397393L, 
-1873902666L, 757086688L, -1218488029L, 1090399809L, -730693328L, 
282825550L, 472209849L, 233038795L, -602974086L, -96171652L, 
-1985070657L, -1865664875L, -1139413844L, -830531966L, -126714275L, 
47882583L, -1994412994L, -1231658888L, -1427666085L, -1505732935L, 
18082568L, 1024844214L, -122872079L, -600532701L, 1668098930L, 
1250886084L, 2060982663L, -528809123L, -1767453356L, 1240129402L, 
-865268027L, 579436575L, -483760218L, -632604368L, 1185510355L, 
1113082353L, -1051504864L, 2004175294L, -1604068919L, -1726644869L, 
1113819978L, 1226800044L, 543367855L, -1858338715L, -1082560484L, 
2059918962L, -498532115L, 1850675495L, -1380246194L, 2054663592L, 
1193073067L, -1152896311L, -1032940840L, -1658691706L, -440847775L, 
-382514189L, 1556856418L, -172078892L, 1640305111L, -183413811L, 
-1520928924L, -1072725174L, -1128832331L, 1002091023L, -2026204394L, 
-1881948736L, -896057981L, 1638298529L, -1395037296L, 2102671470L, 
1464278553L, -156926293L, 753492634L, 2020834908L, 905952095L, 
-1528982219L, -732846900L, 1114082850L, -1389272963L, 664942967L, 
1920980638L, 1538487640L, -1132923717L, -1819448743L, -11521560L, 
-2047466474L, 1409494929L, -1286844349L, 26072914L, 144841700L, 
1832370727L, 502143613L, 1815503732L, -1545830566L, 553400741L, 
1669150143L, 687547974L, -2073246512L, 223198963L, 1024780305L, 
694865472L, -156933602L, 1839541481L, -1963223525L, -343595478L, 
169310540L, -1930919153L, -1676839355L, 1111109628L, 595334738L, 
1677683661L, -685357689L, -1777794962L, -1763002296L, -1010247093L, 
1095915433L, -689129736L, -43826650L, 1419549505L, 154747091L, 
1708385410L, -1124891980L, 599307831L, -902226643L, -1869818300L, 
1862912874L, -1157810219L, -198282897L, 1372134518L, 692926368L, 
-803606429L, 294212865L, -2130331536L, 697451534L, 1304114297L, 
869131275L, 915049786L, -1655944132L, -1183224961L, 858331349L, 
-1396540180L, 1808528962L, -1939445347L, 1773579287L, 765497726L, 
702842680L, -1946718181L, 1362985337L, -588601400L, -2022134794L, 
-1104683471L, -594675613L, -354346958L, 1450898820L, -1738728505L, 
-897528163L, -440130028L, -80847686L, -1662363078L, 947191536L, 
-1551039300L, 1641911828L, 166361282L, -95823776L, -11037316L, 
1573885136L, -1039631326L, 1405649576L, 2060466060L, 464622012L, 
775476274L, -202082496L, 212089012L, -193852600L, 667744954L, 
-321603824L, -159571732L, 56829012L, -2121085166L, 992656288L, 
-897003572L, -277181600L, -1017802558L, -223418840L, 1651926444L, 
-436125892L, -594159758L, 1775987504L, 1595888164L, -444352456L, 
1550378202L, -1276966512L, -511465732L, -1461686380L, 819350338L, 
-942382592L, -342205892L, 1867603536L, 2069510818L, 1038891848L, 
-209829364L, -1084572452L, -209753518L, -994285440L, 1971628884L, 
-1945060888L, -269116678L, -513456304L, 173874220L, 1802241396L, 
1854445202L, -98399648L, 809915020L, -229127328L, 275542754L, 
-302677848L, 1526657228L, 1516091900L, -507650126L, -1309121040L, 
-1632090684L, 2115792728L, 725154682L, 638522800L, 706034108L, 
1815681108L, -337450046L, 1142678304L, 719142844L, 1796942416L, 
1760222690L, 296964456L, 2003516748L, -360802052L, 433238770L, 
2026964736L, -1532344716L, 610383880L, -2103350854L, 193251280L, 
-135038484L, 1206984596L, 175223506L, 1687584352L, -158624436L, 
1632355616L, -336424318L, -2008909336L, 2101921772L, 1245832764L, 
-641876366L, -146734224L, 1885350180L, -1666731464L, -631352934L, 
1215306192L, 1969249724L, 322009236L, 1141849218L, 339006912L, 
-768203972L, -550652784L, 141783842L, 154545672L, 770145548L, 
286807452L, -470778350L, -695063680L, 793182996L, -1831235288L, 
-1708348358L, 117971920L, 587215468L, 1131555380L, 1415854738L, 
97295712L, 858806604L, -723073056L, -1097865822L, 84200872L, 
-701036916L, 1914064316L, -1177211278L, -1528505360L, -1648986556L, 
-1063597992L, -1028016070L, 1852291184L, -1481267140L, 167778580L, 
2127778498L, 154291936L, -1847609220L, 574140112L, 43280802L, 
564273192L, 1029188364L, -196685380L, -1037323470L, -779765056L, 
508068916L, -925776184L, -602274630L, 647743120L, 5328620L, 977865300L, 
1104568978L, -1530244832L, 906344908L, 355013344L, -2063669054L, 
1105523752L, -1660041300L, -1561046340L, -931927054L, -221827536L, 
909326244L, -1853825608L, 2017986394L, -2019983216L, -1045474436L, 
-1570062060L, 1285630274L, -330655488L, -956756548L, -1562523312L, 
2095151394L, -1420451256L, -932239348L, -1551915428L, -1337902638L, 
12152320L, 1410477396L, 910277864L, -1747748614L, -1922949424L, 
343472940L, -2037888780L, -1749753454L, 1154925920L, -188955636L, 
1158978784L, 97751650L, 1998959784L, -2032171956L, -12816516L, 
672688434L, -1672174992L, -1543081148L, -694424616L, -850265222L, 
546158640L, 1424510908L, 265927252L, -1345912766L, -317045088L, 
256594620L, 575415248L, 1254684002L, 286818024L, 2062195916L, 
-952440324L, 1060720114L, -1727726464L, -563295756L, 233804424L, 
696859450L, 1647584592L, 966100076L, 1727339924L, 1747232850L, 
-2067673632L, 1006077132L, 647909024L, 629350786L, 1311551720L, 
-1669551380L, 812801340L, -1181005710L, 969241200L, 299399716L, 
793610296L, -1933735654L, 1610069200L, -1574999748L, 608649387L, 
2112431021L, 1535199258L, 1335119576L, -1189986495L, -206856205L, 
154657300L, 218901410L, 132895927L, 587218561L, -1649588602L, 
457711300L, -190275595L, -1834113441L, -1073315656L, -1340258922L, 
-37410909L, -2069181595L, 2036664962L, 1589331952L, 1583440281L, 
249343883L, 448735868L, -620291926L, 646429407L, -587028375L, 
-2142625154L, -1224590740L, 161298109L, 1488202631L, -1157562512L, 
-804420082L, -551101637L, -588879843L, 911954122L, -1616098328L, 
-1550747439L, -1988631357L, 2132753348L, 1879548018L, -1545490105L, 
1278139665L, 258672790L, -945369612L, 259686277L, -957645105L, 
-828245048L, -546096538L, 554804371L, -1694413835L, -265146926L, 
2013175328L, -652378103L, -2116643525L, -1373546356L, -377309926L, 
-692536433L, -2103737127L, -1775105170L, 736029436L, 483727469L, 
-810372073L, 130622944L, 1547235774L, -528832629L, 103081997L, 
-809222086L, 2126532728L, 1352621089L, 1414184659L, -1556800012L, 
1455799938L, -1669350633L, 819755489L, -1107761370L, -1460948444L, 
-811449131L, 2100491391L, 1136957720L, 2131142710L, 1714486979L, 
1238004485L, 1676760738L, 1557968016L, -1824775111L, 68336875L, 
1698233820L, 1543242762L, 702870271L, -794449079L, -1380540194L, 
298753676L, 1392613981L, -1084557209L, -1940413040L, -1702369874L, 
548937819L, 1869457469L, -355111254L, 437009224L, -614854799L, 
1333991651L, 1602461668L, -1641335022L, -1155716377L, 510635185L, 
-1243226378L, 2050484500L, 1152134693L, -857849041L, -1352661784L, 
-595827258L, 510076019L, 373452501L, -1348635470L, 1609021568L, 
-2088692631L, 1723818203L, -280542164L, -1003054022L, 14338799L, 
1671525753L, 1524050446L, 1166359516L, 1420112973L, -1261803593L, 
1442683200L, -1640521698L, 484378347L, 2038548077L, 682258138L, 
1375997592L, -270592767L, 714119859L, 715666900L, 826434786L, 
-1000952457L, 1353700545L, -690657210L, -1031866492L, 1883009333L, 
-2108043489L, -937065864L, -1113721002L, 993293795L, 1492683685L, 
